3600 -0.633000 
7200 -0.717000 
10800 -0.622000 
14400 -0.407000 
18000 -0.133000 
21600 0.182000 
25200 0.367000 
28800 0.488000 
32400 0.454000 
36000 0.273000 
39600 0.001000 
43200 -0.277000 
46800 -0.574000 
50400 -0.713000 
54000 -0.702000 
57600 -0.539000 
61200 -0.280000 
64800 0.001000 
68400 0.311000 
72000 0.453000 
75600 0.474000 
79200 0.376000 
82800 0.124000 
86400 -0.211000 
90000 -0.497000 
93600 -0.708000 
97200 -0.726000 
100800 -0.597000 
104400 -0.331000 
108000 -0.011000 
111600 0.254000 
